2024-01-10, 185.0, 50.0, 14.0, 24.090081969909246
2024-01-10, 205.0, 60.0, 15.0, 39.92449041517438
2024-01-10, 185.0, 50.0, 14.0, 24.09
2024-01-10, 205.0, 60.0, 15.0, 39.92
2024-01-11, 200.0, 45.0, 17.0, 29.51
Phone number: 0948363838, Tire Size:205/70R20
2024-01-11, 205.0, 60.0, 16.0, 41.94
2024-01-11, 200.0, 45.0, 16.0, 28.07
2024-01-11, 200.0, 45.0, 17.0, 29.51
2024-01-12, 205.0, 85.0, 16.0, 65.16
2024-01-12, 205.0, 85.0, 15.0, 62.31
2024-01-12, 205.0, 85.0, 16.0, 65.16
2024-01-12, 205.0, 85.0, 17.0, 68.01
2024-01-12, 205.0, 85.0, 17.0, 68.01
2024-01-12, 200.0, 80.0, 15.0, 54.39
2024-01-12, 200.0, 80.0, 15.0, 54.39
9043529649, 2024-01-12, 200.0, 70.0, 15.0, 45.83
09043529640, 2024-01-12, 205.0, 80.0, 19.0, 68.29
09043529640, 2024-01-12, 400.0, 38.0, 19.0, 121.21
09043529640, 2024-01-12, 300.0, 84.0, 28.0, 228.76, 0
093838384, 2024-01-12, 186.0, 61.0, 15.0, 32.78, 450
0303938893, 2024-01-12, 186.0, 61.0, 15.0, 32.78, $450
